#Fri Sep 06 21:06:25 CDT 2019
game=0.0.082919
libraries=0.0.082919
resources=0.0.083019
